2J21_A;0.000,0.646,0.453,0.903,0.455,0.327,0.481,0.356,0.334,0.459,0.621,0.484,0.629,0.618,0.388,0.357,0.619,0.731,0.480,0.546,0.415,0.441,0.434,0.456,0.481,0.467,0.437,0.373,0.471,0.439,0.318,0.467,0.336,0.362,0.463,0.439,0.480,0.476,0.378,0.349,0.346,0.452,0.620,0.443,0.395,0.468,0.449,0.352,0.618,0.475,0.465,0.478,0.479,0.351,0.497,0.450,0.482,0.342,0.438,0.480,0.369,0.330,0.660,0.485,0.443,0.446,0.486,0.349,0.630,0.463,0.481,0.355,0.467,0.529,0.360,0.459,0.347,0.462,0.448,0.483,0.516,0.485,0.450,0.585,0.475,0.457,0.613,0.357,0.468,0.622,0.352,0.369,0.470,0.452,0.456,0.456,0.442,0.461,0.358,0.467,0.599,0.346,0.513,0.457,0.461,0.447,0.331,0.458,0.349,0.401,0.617,0.344,0.382,0.352,0.357,0.486,0.359,0.479,0.432,0.443,0.436,0.363,0.617,0.336,0.352,0.489,0.618,0.362,0.471,0.472,0.340,0.465,0.621,0.450,0.438,0.367,0.452,0.330,0.468,0.355,0.454,0.617,0.358,0.446,0.333,0.457,0.522,0.485,0.347,0.455,0.485,0.421,0.645,0.341,0.446,0.523,0.520,0.470,0.661,0.620,0.351,0.365,0.513,0.499,0.485,0.359,0.484,0.903,0.524,0.849,0.616,0.437,0.434,0.652,0.418,0.474,0.342,0.472,0.515,0.340,0.473,0.364,0.613,0.343,0.345,0.423,0.624,0.500
2XWC_A;0.646,0.000,0.630,0.879,0.634,0.632,0.633,0.629,0.629,0.629,0.537,0.645,0.633,0.523,0.630,0.630,0.563,0.649,0.635,0.669,0.631,0.631,0.633,0.637,0.644,0.641,0.632,0.628,0.657,0.629,0.630,0.636,0.632,0.631,0.629,0.647,0.638,0.636,0.633,0.630,0.631,0.634,0.557,0.629,0.631,0.634,0.632,0.630,0.528,0.637,0.636,0.630,0.630,0.630,0.634,0.636,0.638,0.632,0.631,0.642,0.629,0.633,0.665,0.643,0.630,0.651,0.633,0.631,0.503,0.629,0.634,0.629,0.635,0.636,0.630,0.631,0.636,0.630,0.630,0.633,0.645,0.645,0.633,0.639,0.632,0.629,0.562,0.629,0.641,0.524,0.629,0.628,0.636,0.633,0.631,0.634,0.633,0.629,0.630,0.651,0.664,0.630,0.643,0.632,0.628,0.631,0.632,0.632,0.630,0.633,0.517,0.631,0.630,0.630,0.630,0.632,0.630,0.642,0.632,0.635,0.632,0.629,0.555,0.632,0.629,0.631,0.523,0.630,0.635,0.631,0.631,0.646,0.528,0.635,0.647,0.630,0.635,0.632,0.635,0.625,0.631,0.555,0.630,0.631,0.629,0.631,0.628,0.629,0.629,0.646,0.631,0.633,0.653,0.631,0.635,0.632,0.644,0.633,0.664,0.524,0.630,0.629,0.644,0.628,0.629,0.633,0.632,0.879,0.632,0.821,0.509,0.631,0.632,0.663,0.627,0.660,0.631,0.635,0.646,0.629,0.632,0.630,0.562,0.631,0.632,0.626,0.567,0.635
4LO9_C;0.453,0.630,0.000,0.893,0.410,0.435,0.455,0.441,0.436,0.440,0.610,0.496,0.599,0.605,0.430,0.435,0.613,0.710,0.463,0.544,0.443,0.432,0.422,0.456,0.471,0.447,0.440,0.439,0.474,0.432,0.430,0.386,0.435,0.447,0.398,0.486,0.413,0.432,0.423,0.441,0.434,0.446,0.610,0.438,0.429,0.395,0.428,0.436,0.606,0.414,0.402,0.444,0.449,0.438,0.470,0.409,0.460,0.433,0.441,0.471,0.447,0.434,0.639,0.487,0.390,0.495,0.456,0.436,0.613,0.443,0.466,0.442,0.380,0.500,0.431,0.427,0.443,0.408,0.442,0.462,0.522,0.475,0.399,0.558,0.460,0.444,0.603,0.439,0.452,0.610,0.446,0.447,0.393,0.411,0.440,0.435,0.429,0.410,0.436,0.471,0.579,0.434,0.514,0.418,0.446,0.435,0.439,0.418,0.438,0.429,0.603,0.432,0.456,0.437,0.441,0.433,0.439,0.459,0.446,0.394,0.370,0.439,0.606,0.433,0.445,0.471,0.605,0.438,0.459,0.449,0.443,0.466,0.608,0.372,0.482,0.442,0.387,0.431,0.390,0.439,0.420,0.607,0.439,0.390,0.427,0.440,0.509,0.466,0.436,0.497,0.455,0.415,0.623,0.438,0.437,0.520,0.523,0.440,0.641,0.607,0.434,0.440,0.514,0.501,0.466,0.444,0.459,0.893,0.519,0.832,0.604,0.403,0.380,0.633,0.419,0.478,0.433,0.448,0.530,0.446,0.455,0.448,0.603,0.432,0.438,0.419,0.613,0.467
8F2I_A;0.903,0.879,0.893,0.000,0.895,0.891,0.892,0.889,0.891,0.882,0.888,0.894,0.820,0.884,0.884,0.889,0.899,0.821,0.895,0.920,0.886,0.891,0.893,0.894,0.904,0.884,0.886,0.887,0.912,0.888,0.892,0.895,0.891,0.888,0.884,0.907,0.900,0.893,0.891,0.889,0.891,0.896,0.894,0.884,0.886,0.898,0.889,0.889,0.886,0.901,0.897,0.876,0.888,0.889,0.887,0.895,0.892,0.891,0.888,0.887,0.888,0.891,0.811,0.899,0.895,0.910,0.888,0.891,0.878,0.882,0.890,0.888,0.888,0.892,0.889,0.881,0.895,0.886,0.886,0.891,0.905,0.902,0.887,0.874,0.886,0.884,0.898,0.888,0.884,0.887,0.888,0.889,0.895,0.895,0.884,0.892,0.893,0.884,0.889,0.910,0.817,0.889,0.904,0.890,0.884,0.886,0.891,0.890,0.889,0.890,0.884,0.891,0.888,0.889,0.890,0.888,0.888,0.896,0.891,0.898,0.893,0.888,0.895,0.891,0.888,0.886,0.891,0.889,0.892,0.891,0.890,0.903,0.883,0.893,0.907,0.888,0.893,0.891,0.896,0.891,0.888,0.895,0.888,0.883,0.891,0.884,0.890,0.879,0.888,0.905,0.884,0.896,0.813,0.891,0.888,0.893,0.904,0.886,0.811,0.884,0.891,0.889,0.904,0.896,0.879,0.891,0.887,0.002,0.893,0.761,0.886,0.893,0.893,0.811,0.883,0.916,0.891,0.894,0.903,0.891,0.888,0.888,0.898,0.891,0.891,0.883,0.899,0.876
7DHY_A;0.455,0.634,0.410,0.895,0.000,0.429,0.459,0.450,0.437,0.457,0.611,0.501,0.617,0.608,0.429,0.447,0.614,0.718,0.466,0.538,0.437,0.411,0.428,0.456,0.467,0.444,0.430,0.443,0.447,0.436,0.432,0.395,0.429,0.441,0.408,0.456,0.396,0.426,0.436,0.442,0.442,0.391,0.612,0.440,0.436,0.388,0.441,0.438,0.608,0.404,0.379,0.443,0.456,0.439,0.469,0.362,0.463,0.436,0.421,0.477,0.436,0.434,0.653,0.489,0.343,0.470,0.473,0.434,0.618,0.450,0.472,0.446,0.413,0.501,0.443,0.425,0.442,0.372,0.461,0.469,0.521,0.487,0.412,0.563,0.467,0.455,0.605,0.449,0.449,0.613,0.442,0.448,0.402,0.387,0.415,0.418,0.427,0.406,0.445,0.446,0.587,0.441,0.524,0.361,0.452,0.412,0.434,0.361,0.438,0.430,0.606,0.430,0.455,0.439,0.443,0.415,0.447,0.462,0.457,0.412,0.348,0.448,0.609,0.434,0.443,0.480,0.608,0.442,0.462,0.467,0.438,0.439,0.611,0.381,0.453,0.445,0.369,0.433,0.407,0.439,0.422,0.610,0.448,0.364,0.431,0.454,0.505,0.477,0.446,0.479,0.429,0.408,0.638,0.440,0.418,0.531,0.523,0.421,0.654,0.608,0.433,0.443,0.524,0.503,0.478,0.442,0.464,0.895,0.531,0.836,0.608,0.369,0.351,0.648,0.423,0.451,0.435,0.434,0.537,0.443,0.464,0.445,0.605,0.437,0.429,0.421,0.617,0.478
5LAP_A;0.327,0.632,0.435,0.891,0.429,0.000,0.462,0.283,0.297,0.440,0.611,0.476,0.598,0.607,0.305,0.269,0.614,0.713,0.471,0.543,0.344,0.423,0.432,0.451,0.469,0.434,0.417,0.288,0.478,0.420,0.284,0.451,0.238,0.272,0.433,0.438,0.462,0.457,0.324,0.250,0.265,0.430,0.612,0.423,0.319,0.453,0.430,0.242,0.606,0.463,0.451,0.448,0.457,0.256,0.475,0.434,0.472,0.248,0.418,0.455,0.297,0.288,0.639,0.493,0.424,0.447,0.467,0.256,0.615,0.438,0.475,0.269,0.445,0.510,0.272,0.442,0.272,0.437,0.454,0.469,0.512,0.485,0.428,0.564,0.468,0.440,0.607,0.265,0.432,0.612,0.257,0.266,0.459,0.432,0.425,0.436,0.439,0.434,0.264,0.480,0.574,0.237,0.509,0.428,0.444,0.425,0.237,0.428,0.245,0.338,0.606,0.248,0.300,0.255,0.256,0.462,0.265,0.466,0.428,0.427,0.415,0.263,0.609,0.238,0.257,0.465,0.608,0.268,0.464,0.454,0.246,0.465,0.609,0.427,0.438,0.269,0.428,0.232,0.452,0.299,0.437,0.610,0.262,0.412,0.289,0.442,0.501,0.459,0.233,0.458,0.454,0.407,0.616,0.273,0.427,0.522,0.514,0.434,0.639,0.607,0.312,0.284,0.509,0.495,0.459,0.278,0.465,0.891,0.523,0.833,0.606,0.412,0.413,0.630,0.408,0.491,0.226,0.453,0.524,0.197,0.459,0.268,0.607,0.255,0.256,0.408,0.618,0.472
6ZNC_A;0.481,0.633,0.455,0.892,0.459,0.462,0.000,0.456,0.460,0.345,0.614,0.514,0.602,0.610,0.452,0.461,0.617,0.711,0.210,0.538,0.465,0.446,0.458,0.336,0.431,0.490,0.448,0.455,0.467,0.417,0.455,0.462,0.462,0.463,0.449,0.492,0.466,0.473,0.467,0.459,0.466,0.471,0.616,0.394,0.458,0.464,0.440,0.459,0.610,0.457,0.459,0.483,0.290,0.459,0.339,0.444,0.240,0.463,0.441,0.512,0.456,0.459,0.642,0.382,0.437,0.494,0.333,0.466,0.617,0.334,0.306,0.458,0.460,0.510,0.459,0.455,0.464,0.458,0.443,0.316,0.539,0.344,0.455,0.553,0.317,0.387,0.608,0.458,0.494,0.614,0.458,0.463,0.466,0.447,0.439,0.436,0.461,0.435,0.461,0.473,0.577,0.458,0.523,0.458,0.321,0.435,0.463,0.458,0.458,0.469,0.608,0.460,0.463,0.459,0.462,0.451,0.458,0.452,0.420,0.470,0.435,0.457,0.609,0.461,0.456,0.474,0.611,0.461,0.318,0.331,0.460,0.470,0.613,0.461,0.488,0.460,0.457,0.459,0.467,0.467,0.434,0.609,0.459,0.447,0.455,0.349,0.524,0.462,0.453,0.501,0.473,0.422,0.626,0.460,0.456,0.521,0.528,0.453,0.643,0.610,0.462,0.462,0.522,0.512,0.462,0.469,0.290,0.892,0.525,0.830,0.607,0.438,0.441,0.636,0.418,0.465,0.464,0.487,0.528,0.458,0.336,0.459,0.608,0.462,0.462,0.419,0.618,0.483
6SI2_A;0.356,0.629,0.441,0.889,0.450,0.283,0.456,0.000,0.258,0.425,0.611,0.469,0.585,0.605,0.317,0.224,0.614,0.708,0.465,0.548,0.354,0.436,0.436,0.446,0.468,0.435,0.429,0.238,0.491,0.399,0.266,0.462,0.280,0.297,0.438,0.455,0.476,0.458,0.322,0.263,0.236,0.442,0.612,0.416,0.319,0.464,0.427,0.220,0.605,0.476,0.465,0.441,0.450,0.231,0.470,0.444,0.466,0.242,0.426,0.459,0.274,0.266,0.628,0.488,0.434,0.461,0.458,0.239,0.612,0.429,0.470,0.227,0.451,0.513,0.230,0.443,0.213,0.443,0.442,0.460,0.520,0.478,0.437,0.557,0.462,0.427,0.606,0.225,0.429,0.610,0.290,0.251,0.460,0.444,0.420,0.451,0.444,0.443,0.220,0.493,0.564,0.224,0.507,0.443,0.438,0.433,0.290,0.442,0.236,0.354,0.604,0.245,0.231,0.222,0.214,0.464,0.238,0.467,0.418,0.435,0.425,0.226,0.607,0.242,0.282,0.449,0.607,0.245,0.458,0.446,0.294,0.478,0.608,0.441,0.455,0.245,0.443,0.237,0.462,0.286,0.439,0.607,0.238,0.423,0.271,0.429,0.503,0.452,0.207,0.472,0.460,0.413,0.604,0.239,0.439,0.516,0.513,0.439,0.628,0.606,0.289,0.253,0.508,0.498,0.452,0.256,0.460,0.889,0.520,0.829,0.604,0.421,0.423,0.620,0.400,0.506,0.223,0.465,0.524,0.271,0.454,0.288,0.606,0.234,0.279,0.402,0.617,0.456
2J1W_A;0.334,0.629,0.436,0.891,0.437,0.297,0.460,0.258,0.000,0.436,0.609,0.479,0.595,0.604,0.328,0.276,0.613,0.712,0.470,0.543,0.362,0.427,0.432,0.453,0.467,0.437,0.421,0.285,0.484,0.400,0.202,0.459,0.285,0.319,0.436,0.441,0.470,0.458,0.327,0.297,0.270,0.431,0.610,0.424,0.330,0.459,0.426,0.267,0.604,0.472,0.459,0.444,0.454,0.263,0.476,0.433,0.471,0.267,0.422,0.464,0.284,0.183,0.636,0.495,0.425,0.450,0.464,0.254,0.612,0.438,0.475,0.268,0.447,0.512,0.274,0.442,0.256,0.437,0.444,0.467,0.508,0.485,0.432,0.565,0.469,0.437,0.607,0.276,0.434,0.610,0.311,0.291,0.457,0.431,0.418,0.442,0.440,0.437,0.277,0.484,0.566,0.264,0.500,0.434,0.445,0.426,0.303,0.434,0.278,0.351,0.603,0.241,0.296,0.267,0.265,0.459,0.278,0.470,0.427,0.428,0.415,0.278,0.608,0.249,0.307,0.457,0.606,0.283,0.464,0.454,0.313,0.470,0.607,0.433,0.442,0.285,0.434,0.246,0.458,0.262,0.431,0.608,0.278,0.415,0.202,0.437,0.499,0.462,0.262,0.456,0.455,0.398,0.614,0.218,0.430,0.515,0.505,0.438,0.635,0.605,0.232,0.300,0.501,0.496,0.462,0.275,0.466,0.891,0.518,0.833,0.602,0.415,0.413,0.629,0.394,0.496,0.263,0.462,0.519,0.297,0.460,0.318,0.606,0.255,0.273,0.395,0.617,0.463
5MCT_A;0.459,0.629,0.440,0.882,0.457,0.440,0.345,0.425,0.436,0.000,0.611,0.492,0.579,0.602,0.429,0.434,0.617,0.701,0.359,0.556,0.445,0.425,0.433,0.314,0.454,0.466,0.414,0.427,0.482,0.394,0.430,0.456,0.438,0.436,0.435,0.491,0.477,0.459,0.446,0.434,0.439,0.475,0.614,0.335,0.433,0.462,0.418,0.433,0.605,0.472,0.457,0.459,0.369,0.432,0.371,0.447,0.368,0.437,0.417,0.484,0.432,0.436,0.621,0.411,0.436,0.493,0.356,0.441,0.609,0.204,0.362,0.432,0.441,0.503,0.432,0.437,0.440,0.452,0.417,0.363,0.538,0.396,0.431,0.539,0.351,0.283,0.607,0.429,0.467,0.609,0.432,0.438,0.456,0.443,0.422,0.428,0.438,0.416,0.433,0.471,0.538,0.431,0.520,0.446,0.290,0.416,0.436,0.445,0.433,0.449,0.601,0.435,0.437,0.432,0.435,0.457,0.430,0.448,0.347,0.453,0.433,0.431,0.608,0.437,0.431,0.451,0.606,0.434,0.330,0.349,0.433,0.468,0.606,0.449,0.487,0.433,0.450,0.435,0.465,0.446,0.402,0.608,0.431,0.434,0.431,0.274,0.520,0.445,0.427,0.497,0.455,0.419,0.605,0.435,0.433,0.513,0.528,0.443,0.623,0.604,0.441,0.433,0.519,0.504,0.445,0.443,0.340,0.882,0.516,0.818,0.601,0.434,0.438,0.613,0.383,0.480,0.439,0.474,0.525,0.435,0.313,0.433,0.607,0.436,0.437,0.389,0.619,0.454
4GUQ_A;0.621,0.537,0.610,0.888,0.611,0.611,0.614,0.611,0.609,0.611,0.000,0.628,0.643,0.480,0.611,0.611,0.530,0.667,0.616,0.645,0.613,0.609,0.611,0.615,0.623,0.622,0.610,0.609,0.628,0.609,0.610,0.613,0.610,0.611,0.611,0.624,0.615,0.616,0.613,0.610,0.611,0.613,0.524,0.609,0.612,0.611,0.611,0.610,0.457,0.614,0.612,0.616,0.611,0.609,0.614,0.614,0.617,0.611,0.609,0.623,0.609,0.613,0.687,0.621,0.608,0.627,0.615,0.610,0.493,0.610,0.613,0.610,0.617,0.613,0.611,0.613,0.617,0.610,0.613,0.614,0.621,0.624,0.610,0.633,0.612,0.611,0.527,0.610,0.624,0.477,0.609,0.609,0.613,0.608,0.610,0.609,0.612,0.610,0.610,0.624,0.680,0.610,0.618,0.612,0.608,0.610,0.610,0.612,0.610,0.613,0.476,0.610,0.611,0.610,0.610,0.614,0.610,0.618,0.610,0.610,0.610,0.610,0.527,0.611,0.609,0.611,0.481,0.610,0.616,0.612,0.610,0.621,0.497,0.614,0.624,0.609,0.613,0.611,0.613,0.604,0.608,0.527,0.611,0.612,0.608,0.611,0.606,0.613,0.610,0.623,0.612,0.609,0.673,0.610,0.613,0.611,0.619,0.613,0.684,0.478,0.610,0.610,0.619,0.599,0.613,0.611,0.612,0.888,0.613,0.834,0.470,0.608,0.611,0.684,0.608,0.632,0.610,0.616,0.618,0.608,0.613,0.610,0.527,0.611,0.611,0.606,0.540,0.618
8DC6_A;0.484,0.645,0.496,0.894,0.501,0.476,0.514,0.469,0.479,0.492,0.628,0.000,0.615,0.621,0.483,0.476,0.632,0.723,0.518,0.583,0.479,0.501,0.498,0.502,0.530,0.435,0.493,0.476,0.527,0.494,0.479,0.506,0.476,0.480,0.488,0.506,0.522,0.506,0.476,0.480,0.472,0.491,0.630,0.494,0.476,0.508,0.497,0.476,0.622,0.514,0.509,0.506,0.520,0.476,0.514,0.501,0.510,0.471,0.502,0.453,0.486,0.478,0.646,0.531,0.506,0.524,0.517,0.473,0.630,0.495,0.523,0.483,0.497,0.538,0.478,0.497,0.473,0.495,0.505,0.516,0.564,0.523,0.494,0.575,0.511,0.488,0.622,0.480,0.433,0.626,0.486,0.487,0.503,0.500,0.499,0.498,0.499,0.483,0.476,0.518,0.612,0.476,0.559,0.495,0.498,0.501,0.475,0.495,0.475,0.475,0.620,0.474,0.479,0.476,0.477,0.508,0.480,0.519,0.492,0.508,0.496,0.481,0.625,0.476,0.485,0.505,0.624,0.478,0.510,0.503,0.481,0.511,0.622,0.501,0.504,0.482,0.502,0.474,0.511,0.484,0.497,0.626,0.482,0.483,0.475,0.493,0.551,0.511,0.481,0.515,0.507,0.490,0.629,0.475,0.511,0.558,0.564,0.497,0.649,0.621,0.480,0.475,0.558,0.512,0.510,0.475,0.508,0.894,0.559,0.836,0.621,0.495,0.492,0.642,0.478,0.532,0.471,0.515,0.567,0.479,0.507,0.486,0.622,0.473,0.477,0.480,0.637,0.514
3Q06_C;0.629,0.633,0.599,0.820,0.617,0.598,0.602,0.585,0.595,0.579,0.643,0.615,0.000,0.636,0.584,0.590,0.665,0.653,0.608,0.688,0.594,0.602,0.606,0.605,0.630,0.594,0.595,0.583,0.660,0.592,0.597,0.620,0.598,0.592,0.588,0.643,0.631,0.619,0.601,0.592,0.595,0.614,0.657,0.580,0.590,0.623,0.594,0.592,0.639,0.630,0.626,0.582,0.591,0.592,0.598,0.613,0.604,0.597,0.598,0.599,0.590,0.596,0.517,0.628,0.611,0.648,0.594,0.598,0.624,0.581,0.605,0.586,0.600,0.623,0.591,0.592,0.604,0.600,0.587,0.602,0.647,0.625,0.597,0.605,0.597,0.582,0.657,0.586,0.594,0.640,0.588,0.592,0.621,0.613,0.588,0.607,0.607,0.592,0.591,0.653,0.565,0.592,0.642,0.606,0.585,0.595,0.598,0.606,0.592,0.602,0.637,0.598,0.588,0.592,0.593,0.601,0.586,0.615,0.594,0.618,0.603,0.586,0.654,0.597,0.587,0.592,0.646,0.592,0.603,0.597,0.593,0.637,0.638,0.607,0.642,0.587,0.609,0.596,0.620,0.591,0.596,0.654,0.586,0.593,0.592,0.584,0.612,0.582,0.585,0.644,0.601,0.605,0.491,0.596,0.602,0.609,0.646,0.600,0.516,0.638,0.597,0.589,0.642,0.583,0.582,0.599,0.594,0.820,0.611,0.754,0.636,0.603,0.604,0.505,0.580,0.668,0.597,0.617,0.637,0.588,0.595,0.588,0.657,0.596,0.599,0.581,0.663,0.592
3VD1_A;0.618,0.523,0.605,0.884,0.608,0.607,0.610,0.605,0.604,0.602,0.480,0.621,0.636,0.000,0.606,0.605,0.529,0.661,0.611,0.645,0.607,0.605,0.606,0.612,0.620,0.616,0.604,0.603,0.628,0.601,0.605,0.610,0.606,0.606,0.605,0.624,0.613,0.611,0.608,0.605,0.605,0.610,0.519,0.602,0.606,0.608,0.605,0.605,0.467,0.610,0.608,0.609,0.606,0.605,0.608,0.610,0.612,0.605,0.604,0.615,0.604,0.607,0.680,0.619,0.604,0.628,0.608,0.606,0.477,0.602,0.607,0.605,0.609,0.610,0.605,0.608,0.611,0.606,0.606,0.607,0.620,0.621,0.604,0.626,0.606,0.604,0.524,0.605,0.617,0.485,0.604,0.604,0.607,0.603,0.604,0.605,0.606,0.604,0.605,0.625,0.673,0.605,0.617,0.608,0.602,0.604,0.606,0.608,0.605,0.608,0.427,0.605,0.607,0.605,0.605,0.608,0.605,0.614,0.604,0.607,0.606,0.605,0.524,0.606,0.604,0.607,0.479,0.605,0.609,0.606,0.605,0.620,0.476,0.608,0.624,0.604,0.608,0.606,0.608,0.599,0.603,0.525,0.605,0.605,0.603,0.605,0.604,0.607,0.605,0.622,0.607,0.605,0.666,0.605,0.608,0.608,0.618,0.607,0.678,0.418,0.604,0.605,0.618,0.599,0.606,0.607,0.605,0.884,0.609,0.827,0.439,0.604,0.606,0.677,0.601,0.634,0.606,0.612,0.619,0.605,0.605,0.605,0.525,0.605,0.606,0.601,0.540,0.605
8WD2_A;0.388,0.630,0.430,0.884,0.429,0.305,0.452,0.317,0.328,0.429,0.611,0.483,0.584,0.606,0.000,0.303,0.616,0.703,0.462,0.558,0.318,0.425,0.442,0.445,0.469,0.419,0.422,0.300,0.493,0.416,0.322,0.450,0.309,0.318,0.429,0.452,0.464,0.453,0.310,0.305,0.315,0.428,0.613,0.414,0.284,0.450,0.428,0.286,0.606,0.467,0.450,0.426,0.446,0.293,0.460,0.439,0.458,0.302,0.420,0.452,0.304,0.320,0.623,0.489,0.418,0.451,0.455,0.302,0.614,0.430,0.462,0.288,0.437,0.512,0.298,0.431,0.322,0.427,0.448,0.457,0.524,0.480,0.425,0.554,0.454,0.429,0.607,0.293,0.419,0.611,0.305,0.295,0.452,0.428,0.406,0.439,0.444,0.431,0.298,0.490,0.558,0.289,0.520,0.422,0.436,0.419,0.318,0.422,0.301,0.319,0.605,0.292,0.323,0.293,0.299,0.456,0.289,0.460,0.435,0.432,0.416,0.289,0.609,0.295,0.302,0.455,0.608,0.296,0.457,0.452,0.312,0.477,0.608,0.429,0.450,0.293,0.428,0.299,0.452,0.330,0.428,0.608,0.293,0.405,0.317,0.433,0.502,0.448,0.285,0.468,0.449,0.416,0.606,0.318,0.426,0.517,0.522,0.418,0.625,0.607,0.335,0.307,0.520,0.501,0.447,0.324,0.452,0.884,0.518,0.823,0.605,0.421,0.416,0.617,0.397,0.502,0.294,0.463,0.530,0.305,0.453,0.307,0.607,0.302,0.300,0.398,0.618,0.456
5O1H_A;0.357,0.630,0.435,0.889,0.447,0.269,0.461,0.224,0.276,0.434,0.611,0.476,0.590,0.605,0.303,0.000,0.614,0.709,0.469,0.548,0.328,0.430,0.434,0.452,0.467,0.435,0.426,0.211,0.488,0.410,0.277,0.458,0.247,0.259,0.438,0.454,0.470,0.461,0.307,0.203,0.193,0.439,0.612,0.425,0.282,0.459,0.428,0.161,0.605,0.472,0.462,0.439,0.453,0.133,0.474,0.444,0.471,0.170,0.425,0.457,0.295,0.275,0.631,0.493,0.434,0.458,0.461,0.198,0.613,0.437,0.472,0.197,0.446,0.513,0.151,0.438,0.244,0.442,0.443,0.467,0.520,0.482,0.430,0.558,0.467,0.436,0.607,0.140,0.433,0.610,0.255,0.184,0.459,0.437,0.419,0.447,0.441,0.440,0.164,0.488,0.570,0.163,0.508,0.442,0.444,0.429,0.255,0.442,0.188,0.332,0.604,0.211,0.261,0.153,0.185,0.464,0.127,0.465,0.428,0.423,0.422,0.176,0.608,0.213,0.248,0.457,0.607,0.183,0.463,0.452,0.259,0.476,0.608,0.430,0.454,0.173,0.436,0.232,0.457,0.295,0.435,0.609,0.131,0.417,0.274,0.436,0.504,0.455,0.216,0.468,0.461,0.412,0.609,0.253,0.433,0.515,0.515,0.437,0.632,0.607,0.296,0.230,0.509,0.501,0.454,0.245,0.463,0.889,0.518,0.829,0.604,0.423,0.420,0.623,0.404,0.501,0.179,0.464,0.525,0.272,0.457,0.245,0.607,0.188,0.269,0.405,0.617,0.459
7Z7E_A;0.619,0.563,0.613,0.899,0.614,0.614,0.617,0.614,0.613,0.617,0.530,0.632,0.665,0.529,0.616,0.614,0.000,0.660,0.617,0.641,0.617,0.615,0.613,0.618,0.619,0.629,0.615,0.613,0.622,0.612,0.613,0.615,0.613,0.615,0.616,0.620,0.616,0.618,0.614,0.614,0.613,0.615,0.413,0.615,0.616,0.613,0.616,0.613,0.530,0.615,0.614,0.625,0.617,0.613,0.619,0.616,0.620,0.613,0.615,0.629,0.615,0.616,0.703,0.622,0.611,0.626,0.618,0.613,0.530,0.617,0.618,0.615,0.619,0.620,0.614,0.619,0.618,0.616,0.618,0.617,0.616,0.624,0.616,0.645,0.618,0.617,0.429,0.614,0.630,0.531,0.614,0.613,0.614,0.612,0.616,0.613,0.613,0.615,0.614,0.622,0.695,0.614,0.615,0.615,0.616,0.616,0.613,0.615,0.614,0.615,0.517,0.613,0.616,0.614,0.614,0.619,0.615,0.622,0.615,0.612,0.613,0.614,0.429,0.613,0.614,0.620,0.532,0.614,0.619,0.615,0.614,0.619,0.541,0.618,0.621,0.615,0.617,0.614,0.615,0.607,0.615,0.430,0.615,0.617,0.612,0.618,0.611,0.621,0.614,0.622,0.618,0.612,0.690,0.613,0.618,0.613,0.616,0.618,0.702,0.532,0.613,0.614,0.615,0.604,0.621,0.615,0.617,0.899,0.617,0.848,0.513,0.613,0.614,0.701,0.614,0.626,0.613,0.620,0.619,0.614,0.619,0.615,0.428,0.613,0.613,0.613,0.475,0.630
2RMN_A;0.731,0.649,0.710,0.821,0.718,0.713,0.711,0.708,0.712,0.701,0.667,0.723,0.653,0.661,0.703,0.709,0.660,0.000,0.715,0.755,0.708,0.712,0.713,0.714,0.726,0.715,0.708,0.706,0.742,0.709,0.713,0.717,0.713,0.709,0.706,0.733,0.723,0.715,0.713,0.709,0.712,0.717,0.652,0.704,0.707,0.719,0.711,0.710,0.663,0.724,0.720,0.699,0.706,0.709,0.705,0.719,0.714,0.713,0.707,0.715,0.709,0.715,0.641,0.721,0.715,0.740,0.705,0.713,0.651,0.702,0.709,0.706,0.712,0.715,0.709,0.705,0.718,0.709,0.704,0.710,0.729,0.724,0.710,0.691,0.706,0.703,0.661,0.707,0.715,0.664,0.707,0.707,0.718,0.717,0.705,0.714,0.714,0.706,0.709,0.739,0.645,0.709,0.728,0.711,0.704,0.705,0.713,0.711,0.709,0.712,0.661,0.713,0.707,0.710,0.710,0.710,0.707,0.720,0.712,0.718,0.714,0.707,0.653,0.713,0.707,0.706,0.667,0.709,0.712,0.709,0.710,0.730,0.663,0.715,0.734,0.707,0.716,0.713,0.717,0.710,0.709,0.653,0.707,0.708,0.712,0.704,0.708,0.701,0.707,0.734,0.708,0.718,0.646,0.713,0.709,0.711,0.729,0.707,0.644,0.663,0.713,0.708,0.728,0.713,0.701,0.713,0.706,0.821,0.711,0.777,0.661,0.715,0.714,0.643,0.705,0.748,0.713,0.716,0.728,0.709,0.709,0.707,0.661,0.713,0.714,0.704,0.661,0.705
7B4N_A;0.480,0.635,0.463,0.895,0.466,0.471,0.210,0.465,0.470,0.359,0.616,0.518,0.608,0.611,0.462,0.469,0.617,0.715,0.000,0.540,0.476,0.454,0.465,0.323,0.437,0.503,0.457,0.464,0.467,0.426,0.464,0.469,0.471,0.473,0.458,0.493,0.471,0.482,0.477,0.468,0.474,0.481,0.617,0.400,0.469,0.471,0.449,0.467,0.612,0.464,0.466,0.493,0.295,0.467,0.339,0.449,0.180,0.472,0.448,0.522,0.465,0.468,0.645,0.370,0.442,0.492,0.330,0.474,0.619,0.344,0.295,0.466,0.468,0.516,0.467,0.460,0.474,0.466,0.450,0.314,0.539,0.331,0.465,0.559,0.305,0.397,0.609,0.465,0.506,0.616,0.467,0.471,0.473,0.453,0.449,0.444,0.468,0.444,0.468,0.471,0.584,0.466,0.525,0.467,0.322,0.443,0.471,0.466,0.466,0.479,0.610,0.469,0.473,0.467,0.470,0.459,0.465,0.452,0.423,0.476,0.443,0.465,0.612,0.470,0.466,0.482,0.612,0.469,0.302,0.346,0.468,0.471,0.615,0.468,0.490,0.468,0.465,0.468,0.472,0.476,0.442,0.612,0.466,0.457,0.465,0.366,0.530,0.473,0.462,0.502,0.482,0.434,0.633,0.469,0.461,0.518,0.530,0.463,0.647,0.613,0.471,0.471,0.526,0.515,0.473,0.477,0.285,0.895,0.523,0.834,0.609,0.446,0.448,0.640,0.428,0.459,0.472,0.492,0.523,0.467,0.328,0.468,0.609,0.471,0.472,0.428,0.619,0.492
8GCR_B;0.546,0.669,0.544,0.920,0.538,0.543,0.538,0.548,0.543,0.556,0.645,0.583,0.688,0.645,0.558,0.548,0.641,0.755,0.540,0.000,0.556,0.544,0.540,0.551,0.524,0.587,0.553,0.552,0.530,0.545,0.541,0.545,0.544,0.553,0.553,0.547,0.537,0.561,0.549,0.548,0.544,0.550,0.645,0.549,0.555,0.539,0.544,0.545,0.645,0.535,0.541,0.584,0.546,0.546,0.561,0.542,0.550,0.543,0.547,0.589,0.550,0.544,0.720,0.555,0.535,0.547,0.552,0.542,0.657,0.556,0.553,0.550,0.556,0.563,0.546,0.564,0.544,0.555,0.555,0.547,0.576,0.538,0.555,0.622,0.559,0.554,0.637,0.551,0.587,0.648,0.552,0.553,0.546,0.533,0.549,0.544,0.541,0.552,0.547,0.536,0.681,0.546,0.576,0.546,0.555,0.551,0.544,0.546,0.545,0.552,0.644,0.540,0.555,0.546,0.547,0.556,0.551,0.546,0.542,0.542,0.536,0.550,0.641,0.541,0.552,0.564,0.643,0.547,0.550,0.539,0.548,0.541,0.648,0.541,0.543,0.551,0.539,0.543,0.541,0.545,0.549,0.642,0.551,0.552,0.541,0.554,0.586,0.559,0.549,0.548,0.562,0.524,0.705,0.543,0.550,0.587,0.577,0.554,0.719,0.644,0.544,0.550,0.576,0.584,0.559,0.546,0.554,0.920,0.593,0.869,0.644,0.536,0.539,0.717,0.551,0.525,0.542,0.553,0.581,0.547,0.553,0.552,0.637,0.544,0.543,0.550,0.640,0.580
6GGB_B;0.415,0.631,0.443,0.886,0.437,0.344,0.465,0.354,0.362,0.445,0.613,0.479,0.594,0.607,0.318,0.328,0.617,0.708,0.476,0.556,0.000,0.437,0.450,0.460,0.472,0.426,0.437,0.324,0.489,0.430,0.361,0.449,0.325,0.298,0.438,0.446,0.463,0.459,0.295,0.308,0.345,0.429,0.613,0.432,0.240,0.451,0.441,0.320,0.607,0.471,0.451,0.436,0.462,0.324,0.474,0.447,0.473,0.328,0.440,0.452,0.346,0.358,0.630,0.500,0.434,0.458,0.471,0.339,0.616,0.446,0.478,0.347,0.446,0.510,0.319,0.440,0.360,0.432,0.465,0.474,0.529,0.493,0.435,0.557,0.469,0.444,0.608,0.334,0.427,0.612,0.321,0.328,0.451,0.440,0.419,0.444,0.453,0.441,0.320,0.482,0.572,0.328,0.522,0.434,0.448,0.437,0.325,0.434,0.335,0.243,0.606,0.330,0.365,0.325,0.334,0.454,0.327,0.472,0.445,0.437,0.432,0.325,0.610,0.335,0.321,0.465,0.610,0.307,0.471,0.458,0.320,0.468,0.609,0.437,0.445,0.325,0.439,0.339,0.456,0.368,0.434,0.610,0.331,0.416,0.358,0.448,0.503,0.457,0.339,0.469,0.461,0.430,0.609,0.354,0.446,0.526,0.525,0.424,0.631,0.608,0.371,0.309,0.522,0.504,0.457,0.353,0.466,0.886,0.525,0.826,0.606,0.434,0.427,0.623,0.418,0.494,0.328,0.468,0.536,0.350,0.460,0.309,0.608,0.329,0.346,0.420,0.619,0.467
3D0A_A;0.441,0.631,0.432,0.891,0.411,0.423,0.446,0.436,0.427,0.425,0.609,0.501,0.602,0.605,0.425,0.430,0.615,0.712,0.454,0.544,0.437,0.000,0.424,0.443,0.460,0.456,0.321,0.423,0.434,0.422,0.417,0.437,0.421,0.428,0.419,0.442,0.443,0.448,0.436,0.425,0.424,0.455,0.612,0.409,0.428,0.434,0.425,0.423,0.605,0.454,0.434,0.441,0.445,0.425,0.442,0.422,0.453,0.420,0.337,0.474,0.428,0.422,0.639,0.480,0.409,0.454,0.447,0.423,0.613,0.419,0.452,0.430,0.436,0.507,0.426,0.409,0.433,0.420,0.438,0.447,0.526,0.471,0.418,0.557,0.448,0.425,0.605,0.427,0.463,0.608,0.427,0.432,0.436,0.426,0.417,0.416,0.426,0.416,0.426,0.446,0.559,0.425,0.528,0.412,0.422,0.301,0.422,0.412,0.425,0.435,0.602,0.420,0.446,0.426,0.431,0.453,0.428,0.451,0.422,0.419,0.401,0.429,0.608,0.424,0.427,0.475,0.604,0.425,0.444,0.437,0.425,0.411,0.608,0.413,0.441,0.427,0.410,0.421,0.445,0.432,0.376,0.608,0.429,0.387,0.422,0.437,0.512,0.457,0.429,0.462,0.445,0.354,0.623,0.431,0.304,0.524,0.531,0.419,0.641,0.606,0.428,0.426,0.529,0.501,0.457,0.434,0.445,0.891,0.522,0.830,0.602,0.411,0.404,0.633,0.382,0.453,0.421,0.445,0.530,0.434,0.439,0.427,0.605,0.421,0.418,0.387,0.616,0.483
8HLL_A;0.434,0.633,0.422,0.893,0.428,0.432,0.458,0.436,0.432,0.433,0.611,0.498,0.606,0.606,0.442,0.434,0.613,0.713,0.465,0.540,0.450,0.424,0.000,0.452,0.455,0.461,0.428,0.437,0.472,0.420,0.428,0.434,0.431,0.439,0.416,0.480,0.456,0.443,0.436,0.434,0.431,0.460,0.612,0.417,0.437,0.438,0.411,0.434,0.606,0.454,0.437,0.457,0.451,0.434,0.469,0.421,0.462,0.429,0.422,0.478,0.446,0.432,0.641,0.481,0.414,0.494,0.460,0.430,0.616,0.437,0.465,0.439,0.431,0.502,0.433,0.439,0.438,0.419,0.432,0.459,0.522,0.476,0.385,0.557,0.463,0.431,0.604,0.437,0.467,0.610,0.438,0.445,0.437,0.418,0.424,0.414,0.301,0.428,0.435,0.460,0.574,0.433,0.521,0.419,0.446,0.424,0.429,0.420,0.433,0.439,0.604,0.429,0.451,0.434,0.438,0.445,0.438,0.456,0.422,0.416,0.400,0.441,0.607,0.429,0.439,0.477,0.606,0.435,0.457,0.454,0.434,0.459,0.609,0.409,0.478,0.440,0.409,0.431,0.439,0.437,0.423,0.607,0.439,0.411,0.428,0.437,0.515,0.461,0.439,0.490,0.447,0.410,0.625,0.434,0.431,0.528,0.527,0.436,0.643,0.607,0.436,0.435,0.521,0.499,0.461,0.440,0.458,0.893,0.529,0.833,0.605,0.415,0.410,0.634,0.393,0.475,0.430,0.451,0.530,0.444,0.457,0.441,0.603,0.432,0.434,0.392,0.614,0.473
7EDS_A;0.456,0.637,0.456,0.894,0.456,0.451,0.336,0.446,0.453,0.314,0.615,0.502,0.605,0.612,0.445,0.452,0.618,0.714,0.323,0.551,0.460,0.443,0.452,0.000,0.458,0.488,0.438,0.448,0.464,0.422,0.447,0.463,0.453,0.455,0.450,0.473,0.476,0.472,0.462,0.451,0.456,0.475,0.618,0.376,0.453,0.466,0.439,0.450,0.611,0.470,0.457,0.485,0.359,0.449,0.373,0.446,0.339,0.454,0.436,0.506,0.449,0.452,0.639,0.373,0.437,0.475,0.366,0.457,0.619,0.305,0.356,0.451,0.458,0.512,0.451,0.442,0.457,0.460,0.433,0.367,0.540,0.352,0.455,0.554,0.352,0.371,0.609,0.449,0.491,0.615,0.450,0.454,0.467,0.452,0.445,0.437,0.456,0.436,0.451,0.458,0.577,0.447,0.524,0.456,0.300,0.434,0.452,0.456,0.448,0.463,0.610,0.452,0.456,0.450,0.453,0.467,0.449,0.445,0.398,0.467,0.438,0.450,0.612,0.452,0.449,0.474,0.612,0.452,0.325,0.375,0.451,0.458,0.616,0.459,0.468,0.452,0.458,0.450,0.469,0.461,0.429,0.613,0.451,0.446,0.448,0.330,0.527,0.466,0.446,0.484,0.470,0.433,0.630,0.453,0.451,0.515,0.530,0.459,0.641,0.613,0.456,0.452,0.524,0.505,0.466,0.459,0.336,0.894,0.518,0.833,0.609,0.440,0.440,0.634,0.419,0.459,0.454,0.482,0.520,0.450,0.332,0.451,0.609,0.454,0.452,0.419,0.621,0.482
1GZH_A;0.481,0.644,0.471,0.904,0.467,0.469,0.431,0.468,0.467,0.454,0.623,0.530,0.630,0.620,0.469,0.467,0.619,0.726,0.437,0.524,0.472,0.460,0.455,0.458,0.000,0.518,0.472,0.464,0.464,0.438,0.465,0.475,0.464,0.472,0.462,0.483,0.474,0.496,0.473,0.467,0.471,0.492,0.619,0.435,0.467,0.474,0.447,0.467,0.620,0.474,0.468,0.504,0.441,0.466,0.464,0.464,0.449,0.468,0.451,0.532,0.468,0.466,0.664,0.481,0.453,0.490,0.450,0.471,0.629,0.458,0.456,0.469,0.476,0.524,0.465,0.471,0.472,0.474,0.468,0.443,0.528,0.456,0.458,0.580,0.459,0.450,0.612,0.466,0.518,0.624,0.465,0.471,0.475,0.454,0.442,0.425,0.457,0.471,0.468,0.468,0.600,0.466,0.518,0.466,0.452,0.457,0.465,0.466,0.465,0.471,0.618,0.467,0.474,0.466,0.469,0.479,0.466,0.464,0.444,0.474,0.451,0.468,0.615,0.467,0.465,0.492,0.620,0.467,0.452,0.443,0.463,0.468,0.623,0.468,0.480,0.467,0.468,0.466,0.479,0.474,0.454,0.615,0.467,0.462,0.461,0.462,0.527,0.482,0.466,0.502,0.490,0.427,0.645,0.470,0.470,0.527,0.522,0.458,0.665,0.620,0.470,0.469,0.517,0.520,0.482,0.477,0.446,0.904,0.532,0.846,0.618,0.459,0.454,0.658,0.428,0.459,0.470,0.493,0.526,0.468,0.454,0.469,0.612,0.469,0.468,0.432,0.620,0.513
8DC7_A;0.467,0.641,0.447,0.884,0.444,0.434,0.490,0.435,0.437,0.466,0.622,0.435,0.594,0.616,0.419,0.435,0.629,0.715,0.503,0.587,0.426,0.456,0.461,0.488,0.518,0.000,0.448,0.429,0.517,0.455,0.437,0.460,0.427,0.431,0.435,0.498,0.478,0.458,0.426,0.434,0.432,0.434,0.624,0.468,0.415,0.459,0.464,0.430,0.616,0.474,0.469,0.435,0.488,0.433,0.492,0.446,0.492,0.431,0.466,0.390,0.447,0.433,0.628,0.519,0.444,0.509,0.494,0.426,0.624,0.467,0.498,0.442,0.452,0.525,0.432,0.449,0.443,0.428,0.477,0.496,0.549,0.517,0.438,0.568,0.489,0.470,0.616,0.438,0.217,0.620,0.438,0.443,0.463,0.436,0.452,0.457,0.461,0.433,0.434,0.505,0.585,0.436,0.541,0.443,0.472,0.447,0.430,0.443,0.438,0.409,0.615,0.421,0.456,0.435,0.439,0.455,0.439,0.495,0.479,0.454,0.430,0.438,0.619,0.430,0.437,0.483,0.617,0.433,0.492,0.485,0.435,0.500,0.618,0.446,0.492,0.441,0.443,0.435,0.466,0.444,0.447,0.619,0.441,0.409,0.426,0.467,0.525,0.490,0.441,0.503,0.463,0.451,0.613,0.435,0.469,0.549,0.545,0.457,0.631,0.617,0.434,0.427,0.542,0.501,0.490,0.444,0.488,0.884,0.550,0.827,0.615,0.436,0.428,0.622,0.437,0.524,0.428,0.485,0.559,0.436,0.490,0.439,0.616,0.428,0.435,0.438,0.633,0.480
2AC0_A;0.437,0.632,0.440,0.886,0.430,0.417,0.448,0.429,0.421,0.414,0.610,0.493,0.595,0.604,0.422,0.426,0.615,0.708,0.457,0.553,0.437,0.321,0.428,0.438,0.472,0.448,0.000,0.421,0.469,0.411,0.414,0.450,0.418,0.423,0.427,0.473,0.465,0.453,0.434,0.423,0.421,0.465,0.613,0.400,0.423,0.456,0.419,0.419,0.604,0.469,0.449,0.441,0.447,0.421,0.452,0.436,0.452,0.417,0.316,0.467,0.424,0.416,0.629,0.479,0.427,0.477,0.446,0.421,0.613,0.407,0.454,0.425,0.439,0.503,0.423,0.411,0.431,0.429,0.434,0.446,0.531,0.469,0.424,0.549,0.449,0.417,0.604,0.422,0.451,0.608,0.423,0.429,0.453,0.432,0.410,0.420,0.430,0.420,0.423,0.470,0.548,0.420,0.530,0.425,0.410,0.277,0.418,0.425,0.420,0.433,0.602,0.414,0.441,0.423,0.425,0.461,0.426,0.454,0.410,0.433,0.419,0.425,0.607,0.417,0.422,0.465,0.605,0.424,0.444,0.430,0.420,0.444,0.608,0.431,0.471,0.425,0.428,0.418,0.460,0.431,0.364,0.607,0.426,0.402,0.412,0.425,0.517,0.449,0.423,0.475,0.445,0.361,0.614,0.422,0.309,0.524,0.533,0.429,0.631,0.606,0.422,0.424,0.530,0.501,0.448,0.431,0.445,0.886,0.524,0.825,0.601,0.422,0.424,0.623,0.375,0.481,0.417,0.461,0.531,0.426,0.430,0.426,0.604,0.418,0.415,0.376,0.617,0.464
6SI3_A;0.373,0.628,0.439,0.887,0.443,0.288,0.455,0.238,0.285,0.427,0.609,0.476,0.583,0.603,0.300,0.211,0.613,0.706,0.464,0.552,0.324,0.423,0.437,0.448,0.464,0.429,0.421,0.000,0.487,0.408,0.290,0.458,0.243,0.255,0.438,0.452,0.472,0.464,0.332,0.221,0.242,0.435,0.610,0.412,0.291,0.459,0.427,0.201,0.604,0.473,0.462,0.428,0.450,0.224,0.466,0.448,0.464,0.227,0.419,0.452,0.283,0.287,0.622,0.492,0.436,0.454,0.460,0.239,0.611,0.430,0.467,0.236,0.448,0.514,0.180,0.432,0.276,0.438,0.438,0.463,0.520,0.482,0.428,0.557,0.460,0.427,0.605,0.202,0.431,0.609,0.241,0.219,0.459,0.436,0.401,0.442,0.442,0.436,0.208,0.486,0.564,0.228,0.508,0.437,0.437,0.418,0.259,0.437,0.252,0.330,0.602,0.225,0.270,0.230,0.231,0.462,0.215,0.461,0.425,0.430,0.426,0.202,0.607,0.252,0.230,0.457,0.605,0.206,0.460,0.447,0.257,0.475,0.607,0.431,0.452,0.213,0.436,0.259,0.458,0.300,0.428,0.607,0.223,0.413,0.280,0.431,0.500,0.449,0.238,0.470,0.457,0.412,0.602,0.287,0.427,0.511,0.513,0.429,0.624,0.604,0.295,0.227,0.507,0.494,0.449,0.285,0.457,0.887,0.512,0.827,0.603,0.429,0.425,0.614,0.398,0.499,0.219,0.468,0.523,0.277,0.453,0.227,0.605,0.224,0.293,0.399,0.616,0.458
3D08_A;0.471,0.657,0.474,0.912,0.447,0.478,0.467,0.491,0.484,0.482,0.628,0.527,0.660,0.628,0.493,0.488,0.622,0.742,0.467,0.530,0.489,0.434,0.472,0.464,0.464,0.517,0.469,0.487,0.000,0.474,0.478,0.451,0.477,0.491,0.472,0.411,0.449,0.486,0.488,0.486,0.483,0.464,0.625,0.470,0.487,0.443,0.479,0.484,0.628,0.455,0.447,0.505,0.477,0.485,0.473,0.456,0.471,0.480,0.460,0.536,0.491,0.481,0.688,0.487,0.449,0.448,0.480,0.481,0.639,0.479,0.482,0.494,0.474,0.530,0.485,0.469,0.484,0.463,0.495,0.477,0.533,0.466,0.465,0.594,0.483,0.481,0.618,0.491,0.523,0.631,0.488,0.493,0.451,0.460,0.470,0.442,0.471,0.466,0.487,0.418,0.632,0.485,0.527,0.461,0.471,0.459,0.478,0.461,0.486,0.481,0.625,0.476,0.500,0.487,0.489,0.483,0.492,0.458,0.468,0.466,0.449,0.490,0.624,0.479,0.489,0.517,0.627,0.486,0.474,0.474,0.485,0.345,0.631,0.464,0.411,0.492,0.459,0.479,0.461,0.484,0.455,0.624,0.493,0.456,0.476,0.480,0.530,0.513,0.489,0.468,0.488,0.439,0.676,0.484,0.460,0.543,0.530,0.470,0.688,0.629,0.481,0.489,0.526,0.508,0.513,0.488,0.475,0.912,0.545,0.858,0.626,0.457,0.451,0.686,0.469,0.399,0.479,0.498,0.535,0.492,0.474,0.492,0.618,0.480,0.482,0.471,0.628,0.531
8E7A_A;0.439,0.629,0.432,0.888,0.436,0.420,0.417,0.399,0.400,0.394,0.609,0.494,0.592,0.601,0.416,0.410,0.612,0.709,0.426,0.545,0.430,0.422,0.420,0.422,0.438,0.455,0.411,0.408,0.474,0.000,0.400,0.457,0.416,0.424,0.427,0.483,0.468,0.449,0.419,0.418,0.414,0.468,0.611,0.376,0.414,0.455,0.392,0.410,0.603,0.464,0.454,0.445,0.408,0.408,0.441,0.430,0.426,0.411,0.404,0.476,0.406,0.401,0.628,0.463,0.423,0.483,0.422,0.414,0.609,0.404,0.436,0.410,0.429,0.498,0.407,0.433,0.413,0.429,0.415,0.423,0.525,0.454,0.414,0.549,0.428,0.401,0.603,0.411,0.456,0.608,0.419,0.418,0.451,0.404,0.390,0.414,0.425,0.421,0.413,0.460,0.547,0.406,0.513,0.431,0.405,0.410,0.418,0.430,0.408,0.421,0.600,0.407,0.421,0.407,0.410,0.434,0.412,0.448,0.384,0.435,0.415,0.412,0.606,0.409,0.415,0.413,0.605,0.414,0.422,0.418,0.420,0.464,0.604,0.436,0.480,0.415,0.438,0.404,0.455,0.419,0.403,0.606,0.411,0.417,0.399,0.405,0.514,0.443,0.405,0.484,0.450,0.394,0.613,0.400,0.425,0.523,0.518,0.430,0.629,0.603,0.399,0.417,0.511,0.500,0.443,0.416,0.424,0.888,0.527,0.826,0.600,0.421,0.426,0.622,0.359,0.476,0.412,0.465,0.524,0.417,0.420,0.425,0.604,0.407,0.414,0.366,0.616,0.450
2J20_A;0.318,0.630,0.430,0.892,0.432,0.284,0.455,0.266,0.202,0.430,0.610,0.479,0.597,0.605,0.322,0.277,0.613,0.713,0.464,0.541,0.361,0.417,0.428,0.447,0.465,0.437,0.414,0.290,0.478,0.400,0.000,0.447,0.277,0.312,0.431,0.436,0.459,0.454,0.326,0.292,0.262,0.430,0.610,0.420,0.335,0.447,0.423,0.263,0.604,0.464,0.446,0.440,0.444,0.260,0.471,0.429,0.466,0.258,0.415,0.463,0.289,0.194,0.637,0.490,0.418,0.446,0.454,0.252,0.613,0.431,0.468,0.265,0.441,0.509,0.272,0.436,0.254,0.434,0.443,0.460,0.509,0.481,0.426,0.563,0.462,0.433,0.606,0.271,0.437,0.610,0.308,0.290,0.450,0.427,0.419,0.437,0.435,0.432,0.271,0.477,0.564,0.259,0.500,0.427,0.440,0.419,0.297,0.427,0.270,0.356,0.604,0.241,0.297,0.262,0.267,0.456,0.272,0.467,0.422,0.424,0.408,0.271,0.608,0.246,0.302,0.457,0.606,0.278,0.455,0.449,0.310,0.462,0.608,0.427,0.436,0.282,0.427,0.237,0.450,0.269,0.427,0.608,0.275,0.408,0.209,0.432,0.497,0.458,0.258,0.450,0.451,0.395,0.616,0.221,0.415,0.515,0.505,0.429,0.637,0.606,0.222,0.296,0.501,0.496,0.458,0.267,0.460,0.892,0.517,0.833,0.603,0.411,0.407,0.630,0.389,0.490,0.259,0.456,0.519,0.297,0.450,0.310,0.606,0.248,0.265,0.390,0.617,0.463
4IBZ_A;0.467,0.636,0.386,0.895,0.395,0.451,0.462,0.462,0.459,0.456,0.613,0.506,0.620,0.610,0.450,0.458,0.615,0.717,0.469,0.545,0.449,0.437,0.434,0.463,0.475,0.460,0.450,0.458,0.451,0.457,0.447,0.000,0.448,0.459,0.410,0.470,0.339,0.429,0.446,0.457,0.453,0.427,0.613,0.449,0.447,0.296,0.452,0.455,0.610,0.367,0.338,0.454,0.454,0.457,0.474,0.398,0.466,0.451,0.443,0.489,0.465,0.456,0.656,0.490,0.388,0.498,0.466,0.452,0.620,0.454,0.473,0.462,0.385,0.500,0.454,0.439,0.459,0.402,0.466,0.469,0.534,0.482,0.418,0.563,0.469,0.452,0.606,0.460,0.467,0.614,0.458,0.464,0.330,0.418,0.438,0.432,0.436,0.417,0.456,0.465,0.594,0.456,0.529,0.411,0.457,0.438,0.451,0.411,0.456,0.444,0.609,0.450,0.470,0.456,0.459,0.429,0.460,0.469,0.456,0.418,0.381,0.461,0.610,0.452,0.458,0.490,0.610,0.455,0.463,0.462,0.454,0.441,0.612,0.390,0.468,0.461,0.391,0.452,0.346,0.457,0.433,0.610,0.461,0.391,0.450,0.452,0.515,0.481,0.460,0.496,0.460,0.431,0.640,0.458,0.431,0.535,0.533,0.429,0.658,0.609,0.453,0.457,0.529,0.512,0.481,0.461,0.466,0.895,0.535,0.836,0.609,0.402,0.387,0.651,0.439,0.470,0.451,0.447,0.542,0.465,0.458,0.461,0.606,0.453,0.455,0.438,0.617,0.483
5ABA_A;0.336,0.632,0.435,0.891,0.429,0.238,0.462,0.280,0.285,0.438,0.610,0.476,0.598,0.606,0.309,0.247,0.613,0.713,0.471,0.544,0.325,0.421,0.431,0.453,0.464,0.427,0.418,0.243,0.477,0.416,0.277,0.448,0.000,0.219,0.436,0.438,0.461,0.460,0.316,0.207,0.226,0.429,0.612,0.423,0.292,0.452,0.427,0.219,0.606,0.464,0.450,0.441,0.458,0.236,0.475,0.437,0.472,0.209,0.417,0.452,0.301,0.277,0.637,0.496,0.427,0.448,0.468,0.226,0.614,0.440,0.476,0.263,0.443,0.507,0.230,0.439,0.261,0.434,0.451,0.470,0.514,0.486,0.422,0.564,0.469,0.439,0.607,0.243,0.430,0.610,0.163,0.234,0.453,0.424,0.412,0.432,0.435,0.432,0.243,0.475,0.573,0.237,0.505,0.428,0.446,0.419,0.172,0.428,0.253,0.314,0.605,0.215,0.293,0.240,0.238,0.459,0.247,0.463,0.428,0.427,0.419,0.246,0.609,0.220,0.162,0.460,0.607,0.225,0.467,0.456,0.182,0.464,0.608,0.425,0.438,0.236,0.429,0.235,0.451,0.289,0.426,0.609,0.249,0.409,0.269,0.438,0.498,0.460,0.258,0.458,0.453,0.404,0.615,0.267,0.426,0.520,0.509,0.432,0.638,0.606,0.295,0.246,0.504,0.493,0.460,0.274,0.466,0.891,0.521,0.833,0.605,0.418,0.416,0.629,0.402,0.487,0.214,0.460,0.523,0.258,0.460,0.224,0.607,0.219,0.251,0.404,0.617,0.469
6SI0_A;0.362,0.631,0.447,0.888,0.441,0.272,0.463,0.297,0.319,0.436,0.611,0.480,0.592,0.606,0.318,0.259,0.615,0.709,0.473,0.553,0.298,0.428,0.439,0.455,0.472,0.431,0.423,0.255,0.491,0.424,0.312,0.459,0.219,0.000,0.442,0.451,0.473,0.465,0.325,0.161,0.261,0.438,0.612,0.421,0.291,0.463,0.435,0.234,0.606,0.476,0.460,0.444,0.458,0.252,0.473,0.449,0.473,0.249,0.426,0.451,0.312,0.312,0.631,0.497,0.439,0.456,0.468,0.267,0.614,0.437,0.475,0.277,0.451,0.513,0.248,0.439,0.300,0.442,0.453,0.471,0.523,0.490,0.432,0.558,0.468,0.438,0.607,0.259,0.432,0.610,0.212,0.253,0.462,0.442,0.414,0.445,0.444,0.443,0.231,0.488,0.572,0.257,0.514,0.439,0.442,0.426,0.208,0.439,0.270,0.324,0.605,0.256,0.310,0.255,0.259,0.468,0.261,0.467,0.432,0.433,0.431,0.247,0.609,0.258,0.209,0.460,0.608,0.210,0.466,0.454,0.195,0.475,0.608,0.439,0.451,0.257,0.442,0.279,0.464,0.323,0.431,0.609,0.264,0.419,0.309,0.438,0.502,0.457,0.280,0.469,0.459,0.420,0.608,0.304,0.432,0.521,0.518,0.433,0.632,0.607,0.331,0.207,0.513,0.503,0.457,0.295,0.465,0.888,0.521,0.828,0.605,0.431,0.428,0.623,0.410,0.502,0.244,0.467,0.529,0.266,0.457,0.148,0.607,0.253,0.289,0.414,0.618,0.464
7DVD_A;0.463,0.629,0.398,0.884,0.408,0.433,0.449,0.438,0.436,0.435,0.611,0.488,0.588,0.605,0.429,0.438,0.616,0.706,0.458,0.553,0.438,0.419,0.416,0.450,0.462,0.435,0.427,0.438,0.472,0.427,0.431,0.410,0.436,0.442,0.000,0.478,0.426,0.421,0.429,0.441,0.435,0.444,0.613,0.425,0.430,0.411,0.421,0.438,0.604,0.434,0.422,0.423,0.443,0.439,0.458,0.384,0.452,0.436,0.428,0.459,0.445,0.433,0.629,0.486,0.380,0.495,0.451,0.436,0.612,0.434,0.457,0.443,0.403,0.497,0.437,0.403,0.441,0.374,0.438,0.458,0.531,0.478,0.398,0.548,0.450,0.436,0.606,0.441,0.439,0.609,0.446,0.450,0.416,0.409,0.425,0.425,0.421,0.390,0.438,0.478,0.555,0.437,0.529,0.395,0.435,0.421,0.437,0.395,0.440,0.431,0.603,0.433,0.454,0.438,0.442,0.416,0.441,0.460,0.444,0.414,0.366,0.442,0.608,0.434,0.446,0.476,0.605,0.439,0.453,0.447,0.442,0.452,0.607,0.381,0.475,0.445,0.379,0.429,0.411,0.436,0.419,0.608,0.442,0.349,0.428,0.434,0.511,0.446,0.438,0.498,0.431,0.407,0.611,0.439,0.432,0.530,0.536,0.418,0.632,0.605,0.435,0.440,0.530,0.505,0.446,0.444,0.447,0.884,0.531,0.821,0.604,0.388,0.368,0.624,0.393,0.485,0.433,0.442,0.542,0.447,0.446,0.447,0.606,0.434,0.436,0.390,0.618,0.459
